pose:
  position:
    x: 0.993219602607
    y: 0.463090122699
    z: -0.0992845151022
  orientation:
    x: 0.000154941898304
    y: -0.000139013032719
    z: 0.681203315965
    w: 0.732094255534
